12111111111111111111111111111111111111111111111111111111
10000000001000000000000000000000000000000000000000000001
10111111101011111111111111111111111111111111011111111101
10100000001000000100000000000000000000000000000000000101
10101111111111110101111111111111111111111111011111110101
10101000000000010101000100010001000100010001010000000101
10101011111111010101010101010101010101010101010111111101
10101010000001010100010001000100010001000100010000000001
10101010111101010101111111111111111111111111111111111101
10101010000101010100010000000010001000000010000000000001
10101011110101010111010111111010101011111010111111101011
10101000000101010100010100000010101010001010100000001011
10101111111101010101110101111110101000101000101111111001
10100000000001010100000101000000101111101111101000101101
10111111111111010111111101011111100000001000001010101001
10100000000000010100000001010000001111111010111010101011
10101111111111110101111111011111111000000010000010001001
10100001000000000100000000010000000011111111111111111101
10111101011111011111111111110111111110000000000000000001
10000001010000010000000000010000000000111011111111111111
11111101010111000111111111111111111111100000000000000001
10000001010100011100010000000000000000001111111111111111
10111111010101110001010111111111111111111000100010001111
10100010010101000111010100000000000000000010001000100000
10101010110101011100010101111111111111111111011111111111
10101010100101010001010101000000000000000000000000000001
10101010101101010111010101011111111111111111111111111101
10001000100001000100010001000000000000000000000000000001
11111111111111111111111111111111111111111111111111111111