12111111111111111111111111111111111111111111111111111111
10100000000000010000000000010000000000000000000000000001
10101111111111010101111111010111111111111111111111111101
10000000100000010100000001010100000000000000000000000001
11111110101111110111111101010101111111111111111111111101
10000000100000000100000001010101000000000000000000000001
10111111101111111101111111000101011111111111111111111111
10000000101000000001000000011101000100000000000000000001
11111110101011111111111111110001110101111111111011111101
10000000101010000000000000000111000101000000000000000001
10111111101010111111111111111100011101011111111111111111
10100000001010001000000000000001110001010000000000000001
10101111111011101011111111111111000111011111111111111101
10101000000000101010000000000000011100010000000000000001
10101011111110101010111111111111110001110111111111111111
10101010000010101010000000000000000111000100000000000001
10101010111010101010111111111111111100011101111111111101
10101010001010101010000000000000000001010001000000000001
10101011101010101010111111111111111111000111011111111111
10101000001010100010100000000000000001111100010000000001
10101111111010111010101111111111111100010001110111111111
10100000000010001010100000100000000001000111000100000001
10111111111111101010111110101111111111111101011101111111
10100000000000001000000000100000000000000100000000000000
10101111111111111111111111111111111111110111111111110111
10100000000000000000000000000000000000010000000000000101
10111111111111111111111111111111111111011111111111111101
10000000000000000000000000000000000000000000000000000001
11111111111111111111111111111111111111111111111111111111