12111111111111111111111111111111111111111111111111111111
10000000010001000000000000010000000000000000000000000001
11111111010101011110111101000111111111111111111111111101
10000000000101000010100001111100000000000000000000000001
10111111111101111010101111000101111111111111111111111111
10000000000100000010100000010100000000000000000000000001
11111111110101111110101111111111111111111111111111111101
10000000000101000000100000000000000000000000000000000101
10111111111101111010111111111111111111111111111111110101
10100000000000001011100000000000000000100000000000010101
10111111111111101001001111101111111110101111111011010101
10100000000000101101011000101000000010100000001010010101
10101111111110100001000010101011111010111111101011110101
10101000000010101111101110101010001010000000101001010101
10101011111010100000001010101010101011111110101101010101
10101000001010111111111010101010101010000010100101010101
10101111101010100000000010101010101010111010110101010101
10100000001010101111111110101010101010100010010101010101
10111111111010100000000010100010101010111111010101010101
10000000000010111111111010111110101010000001010101010101
11111111111110100000000010000000101011111101010101010101
10000000000000001111111111111111101000000101010100010001
10111111111111111000000000010000101111110101010111111111
10100010000010000011111011011110100100000101010100000100
10101010111010111110001011011110110111110101010101110101
10101010001010000010101001000010000010000101010101010101
10101011111011111010101101111011111011111101010101010101
10001000000000000000100100000000010000000001000001000001
11111111111111111111111111111111111111111111111111111111