12111111111111111111111111111111111111111111111111111111
10000000010000000000000000000000000000000000001000100001
11110111010111111111111101111111111111111111101010001101
10000100010100000000000101000000000000000000001111110001
10111101110101111111110101011111111111111111111000110101
10100001000100000010000101010001000100010001000010000101
10101111011111111010111101010101010101000100011111111100
10100000000000001010000001010101010101111111111000101001
10111111111111101011111111010101010100000010001010100011
10100000000000001000000100010101010101111010101010111111
10101111111111111111110101110101010100001010101010000101
10101000000000000000000101000101011111101010101011110101
10101011111111111101111100011101001000101010101000010101
10101010000000000101000101010101101010101010101111010001
10101010111111110101110101010000101010101011101000010101
10101010100000000100000101011110101010101000001011111111
10101010101111111111110101001010001010101111111000000001
10101010101000000010000100101011101010100001001011111111
10101010101011111010111110101000101010111101011000100001
10101010101010001010100010101110101010000001001010101101
10101010101010101010101010100000101010111111101010101001
10101010101010101010101010111111100010000001001010001011
10101010101010101010101010000000111111111101011011101001
10101010101000101010101011111110100000000101001000101101
10101010101111101010101010000010101111110101101110101111
10100010100000001010101010111010100000010100000010100001
10111110111111111010101010100010111111010111111010101111
10000000000000000010001000111110000000010000001000100001
11111111111111111111111111111111111111111111111111111111